list(O=c(6.00000E+00, 3.50000E+01, 3.50000E+01, 1.60000E+01, 6.80000E+01, 7.30000E+01, 1.90000E+01, 5.70000E+01, 6.00000E+00, 1.20000E+01, 3.50000E+01, 2.60000E+01, 3.30000E+01, 4.00000E+00, 7.00000E+00, 5.40000E+01, 5.00000E+00, 4.20000E+01, 3.30000E+01, 8.70000E+01, 8.00000E+00, 1.90000E+01, 3.00000E+00, 6.00000E+00, 2.70000E+01, 1.50000E+01, 7.00000E+00, 7.00000E+00, 3.00000E+00, 4.00000E+00, 8.80000E+01, 3.00000E+00, 1.00000E+00, 2.10000E+01, 3.00000E+00, 4.50000E+01, 9.00000E+00, 3.20000E+01, 4.00000E+00, 2.30000E+01, 8.00000E+00, 7.60000E+01, 4.30000E+01, 1.10000E+01, 1.20000E+01, 2.00000E+00, 1.20000E+01, 1.70000E+01, 7.60000E+01, 2.80000E+00, 4.00000E+00, 2.70000E+01, 2.80000E+01, 1.40000E+01, 6.00000E+00, 1.30000E+01, 5.00000E+00, 3.00000E+01, 3.00000E+00, 4.50000E+00, 3.20000E+00, 1.20000E+01, 5.40000E+01, 1.00000E+01, 3.00000E+00, 6.40000E+00, 4.30000E+00, 3.80000E+00, 6.70000E+00, 1.40000E+01, 2.30000E+01, 1.30000E+01, 4.00000E+00, 1.70000E+01, 7.00000E+00, 2.00000E+00, 1.00000E+00, 7.50000E+01, 4.90000E+01, 4.00000E+00, 1.79000E+02, 1.50000E+01, 9.02000E+02, 1.40000E+01, 3.70000E+01, 5.00000E+00), E=c(4.30000E+00, 2.26000E+01, 2.55000E+01, 1.65000E+01, 4.32000E+01, 7.31700E+01, 1.43000E+01, 4.31000E+01, 3.20000E+00, 7.50000E+00, 5.13300E+01, 2.26700E+01, 3.13300E+01, 1.70000E+00, 1.20000E+00, 4.93300E+01, 1.90000E+00, 5.93300E+01, 4.11700E+01, 6.90000E+01, 4.50000E+00, 2.21700E+01, 1.90000E+00, 5.80000E+00, 2.76700E+01, 1.46300E+01, 1.79700E+01, 4.82000E+00, 2.10000E+00, 3.50000E+00, 9.00000E+01, 2.90000E+00, 2.43000E+00, 2.41700E+01, 2.70000E+00, 3.40000E+01, 1.05000E+01, 2.45000E+01, 2.50000E+00, 1.67000E+01, 9.50000E+00, 6.54000E+01, 3.21000E+01, 9.78000E+00, 1.45000E+01, 1.20000E+00, 1.86700E+01, 1.05000E+01, 8.26700E+01, 1.50000E+00, 3.60000E+00, 3.48300E+01, 2.25000E+01, 1.48300E+01, 5.17000E+00, 1.01000E+01, 6.50000E+00, 2.31700E+01, 1.40000E+00, 3.10000E+00, 1.70000E+00, 1.01700E+01, 4.30000E+01, 7.33000E+00, 3.60000E+00, 5.10000E+00, 7.40000E+00, 1.70000E+00, 4.30000E+00, 1.03300E+01, 1.93000E+01, 1.55000E+01, 4.70000E+00, 1.32000E+01, 3.80000E+00, 5.13000E+00, 3.17000E+00, 5.60000E+01, 3.53300E+01, 8.80000E+00, 1.66670E+02, 8.00000E+00, 8.98330E+02, 1.26700E+01, 3.43300E+01, 3.70000E+00), N=8.60000E+01, adj=c(1.70000E+01, 2.30000E+01, 4.50000E+01, 5.90000E+01, 6.00000E+01, 8.20000E+01, 2.00000E+01, 4.20000E+01, 4.50000E+01, 5.00000E+01, 1.30000E+01, 2.50000E+01, 5.70000E+01, 5.80000E+01, 7.00000E+01, 5.00000E+00, 3.40000E+01, 3.80000E+01, 7.20000E+01, 4.00000E+00, 1.60000E+01, 3.40000E+01, 4.00000E+01, 4.90000E+01, 5.60000E+01, 7.20000E+01, 1.10000E+01, 1.60000E+01, 1.80000E+01, 3.70000E+01, 7.20000E+01, 7.90000E+01, 8.10000E+01, 2.00000E+01, 2.90000E+01, 2.00000E+01, 2.10000E+01, 3.20000E+01, 3.50000E+01, 6.30000E+01, 7.50000E+01, 8.60000E+01, 6.60000E+01, 6.90000E+01, 3.30000E+01, 4.40000E+01, 5.50000E+01, 8.40000E+01, 6.00000E+00, 1.80000E+01, 8.10000E+01, 4.30000E+01, 4.40000E+01, 7.40000E+01, 8.00000E+01, 8.40000E+01, 3.00000E+00, 3.40000E+01, 3.80000E+01, 5.70000E+01, 5.80000E+01, 6.20000E+01, 8.30000E+01, 1.70000E+01, 3.50000E+01, 7.30000E+01, 8.20000E+01, 8.60000E+01, 2.20000E+01, 2.70000E+01, 4.10000E+01, 8.00000E+01, 8.40000E+01, 5.00000E+00, 6.00000E+00, 1.80000E+01, 4.90000E+01, 5.20000E+01, 7.20000E+01, 1.00000E+00, 1.40000E+01, 2.30000E+01, 5.10000E+01, 6.60000E+01, 6.70000E+01, 7.30000E+01, 8.20000E+01, 6.00000E+00, 1.10000E+01, 1.60000E+01, 5.20000E+01, 8.30000E+01, 8.50000E+01, 2.00000E+00, 7.00000E+00, 8.00000E+00, 2.90000E+01, 4.50000E+01, 6.10000E+01, 6.30000E+01, 8.60000E+01, 8.00000E+00, 2.90000E+01, 6.30000E+01, 1.50000E+01, 2.70000E+01, 7.40000E+01, 8.00000E+01, 1.00000E+00, 1.70000E+01, 5.10000E+01, 5.90000E+01, 6.00000E+01, 6.50000E+01, 6.90000E+01, 3.90000E+01, 6.60000E+01, 6.70000E+01, 3.00000E+00, 5.30000E+01, 5.80000E+01, 5.40000E+01, 5.50000E+01, 6.40000E+01, 8.30000E+01, 8.50000E+01, 1.50000E+01, 2.20000E+01, 4.10000E+01, 8.10000E+01, 3.30000E+01, 4.10000E+01, 5.40000E+01, 7.90000E+01, 8.10000E+01, 8.40000E+01, 7.00000E+00, 2.00000E+01, 2.10000E+01, 6.30000E+01, 3.50000E+01, 3.90000E+01, 7.30000E+01, 4.90000E+01, 5.20000E+01, 7.80000E+01, 8.00000E+00, 1.00000E+01, 2.80000E+01, 5.40000E+01, 5.50000E+01, 6.40000E+01, 8.40000E+01, 4.00000E+00, 5.00000E+00, 1.30000E+01, 3.80000E+01, 5.70000E+01, 7.00000E+01, 8.00000E+00, 1.40000E+01, 3.00000E+01, 3.90000E+01, 6.80000E+01, 7.30000E+01, 7.50000E+01, 8.60000E+01, 4.00000E+01, 4.60000E+01, 4.90000E+01, 7.80000E+01, 6.00000E+00, 4.80000E+01, 7.20000E+01, 7.60000E+01, 7.90000E+01, 4.00000E+00, 1.30000E+01, 3.40000E+01, 4.80000E+01, 7.20000E+01, 8.30000E+01, 2.40000E+01, 3.00000E+01, 3.50000E+01, 6.70000E+01, 6.80000E+01, 7.30000E+01, 5.00000E+00, 3.60000E+01, 4.90000E+01, 5.60000E+01, 1.50000E+01, 2.70000E+01, 2.80000E+01, 8.10000E+01, 8.40000E+01, 2.00000E+00, 4.70000E+01, 5.00000E+01, 7.10000E+01, 7.40000E+01, 1.20000E+01, 4.70000E+01, 7.40000E+01, 1.00000E+01, 1.20000E+01, 8.40000E+01, 1.00000E+00, 2.00000E+00, 2.00000E+01, 6.10000E+01, 8.20000E+01, 3.60000E+01, 4.90000E+01, 7.80000E+01, 4.20000E+01, 4.30000E+01, 7.40000E+01, 3.70000E+01, 3.80000E+01, 7.20000E+01, 7.60000E+01, 7.70000E+01, 8.30000E+01, 5.00000E+00, 1.60000E+01, 3.10000E+01, 3.60000E+01, 4.00000E+01, 4.60000E+01, 5.20000E+01, 7.80000E+01, 2.00000E+00, 4.20000E+01, 7.10000E+01, 1.70000E+01, 2.30000E+01, 6.60000E+01, 6.90000E+01, 1.60000E+01, 1.80000E+01, 3.10000E+01, 4.90000E+01, 2.50000E+01, 2.60000E+01, 2.80000E+01, 3.30000E+01, 6.40000E+01, 7.90000E+01, 8.30000E+01, 1.00000E+01, 2.60000E+01, 3.30000E+01, 6.40000E+01, 8.50000E+01, 5.00000E+00, 4.00000E+01, 3.00000E+00, 1.30000E+01, 3.40000E+01, 7.00000E+01, 3.00000E+00, 1.30000E+01, 2.50000E+01, 6.20000E+01, 1.00000E+00, 2.30000E+01, 6.00000E+01, 1.00000E+00, 2.30000E+01, 5.90000E+01, 6.50000E+01, 2.00000E+01, 4.50000E+01, 8.20000E+01, 8.60000E+01, 1.30000E+01, 5.80000E+01, 8.30000E+01, 8.00000E+00, 2.00000E+01, 2.10000E+01, 2.90000E+01, 2.60000E+01, 3.30000E+01, 5.40000E+01, 5.50000E+01, 2.30000E+01, 6.00000E+01, 6.90000E+01, 9.00000E+00, 1.70000E+01, 2.40000E+01, 5.10000E+01, 6.70000E+01, 6.90000E+01, 1.70000E+01, 2.40000E+01, 3.90000E+01, 6.60000E+01, 7.30000E+01, 3.50000E+01, 3.90000E+01, 9.00000E+00, 2.30000E+01, 5.10000E+01, 6.50000E+01, 6.60000E+01, 3.00000E+00, 3.40000E+01, 5.70000E+01, 4.20000E+01, 5.00000E+01, 7.40000E+01, 4.00000E+00, 5.00000E+00, 6.00000E+00, 1.60000E+01, 3.70000E+01, 3.80000E+01, 4.80000E+01, 1.40000E+01, 1.70000E+01, 3.00000E+01, 3.50000E+01, 3.90000E+01, 6.70000E+01, 1.20000E+01, 2.20000E+01, 4.20000E+01, 4.30000E+01, 4.70000E+01, 7.10000E+01, 8.00000E+01, 8.00000E+00, 3.50000E+01, 3.70000E+01, 4.80000E+01, 7.70000E+01, 7.90000E+01, 8.30000E+01, 4.80000E+01, 7.60000E+01, 8.30000E+01, 3.10000E+01, 3.60000E+01, 4.60000E+01, 4.90000E+01, 6.00000E+00, 2.80000E+01, 3.70000E+01, 5.40000E+01, 7.60000E+01, 8.10000E+01, 8.30000E+01, 1.20000E+01, 1.50000E+01, 2.20000E+01, 7.40000E+01, 8.40000E+01, 6.00000E+00, 1.10000E+01, 2.70000E+01, 2.80000E+01, 4.10000E+01, 7.90000E+01, 1.00000E+00, 1.40000E+01, 1.70000E+01, 4.50000E+01, 6.10000E+01, 8.60000E+01, 1.30000E+01, 1.90000E+01, 2.60000E+01, 3.80000E+01, 4.80000E+01, 5.40000E+01, 6.20000E+01, 7.60000E+01, 7.70000E+01, 7.90000E+01, 8.50000E+01, 1.00000E+01, 1.20000E+01, 1.50000E+01, 2.80000E+01, 3.30000E+01, 4.10000E+01, 4.40000E+01, 8.00000E+01, 1.90000E+01, 2.60000E+01, 5.50000E+01, 8.30000E+01, 8.00000E+00, 1.40000E+01, 2.00000E+01, 3.50000E+01, 6.10000E+01, 8.20000E+01),